1.517439037561416626e-01
1.511065810918807983e-01
1.242405176162719727e-01
2.837046608328819275e-02
0.000000000000000000e+00
0.000000000000000000e+00
0.000000000000000000e+00
0.000000000000000000e+00
0.000000000000000000e+00
0.000000000000000000e+00
0.000000000000000000e+00
0.000000000000000000e+00
0.000000000000000000e+00
0.000000000000000000e+00
0.000000000000000000e+00
1.518412232398986816e-01
1.513310223817825317e-01
1.508397012948989868e-01
0.000000000000000000e+00
9.052657335996627808e-02
